4733
673
5985
5618
6674
4935
4656
5380
5633
516
5017
516
5629
4204
2131
2432
749
2323
7091
3997
4062
9656
6586
1801
3460
1534
3936
1430
4714
98
1535
1580
331
9595
1925
5146
5679
2078
92
2717
2496
2074
4387
134
10161
9450
6815
740
6595
1240
2834
694
8352
2350
1229
7383
1463
4735
1048
7002
4799
4693
601
1018
265
3886
5368
4827
793
7713
9328
5290
3400
3285
8890
2674
2322
104
505
257
1449
8294
310
6326
3995
2351
5181
2820
4213
8504
465
8508
166
6521
9247
1370
8304
7644
372
9223
4701
3190
2531
1954
234
636
1046
179
1639
2139
6960
1770
1359
2605
1637
2083
4159
516
1994
1837
8837
7570
646
9476
4521
982
7007
8126
6335
3850
7627
191
5981
327
9403
4195
8447
4575
4521
532
2741
868
8664
9120
9876
3872
3316
9574
2270
1688
932
530
4509
8739
2473
311
5922
6425
3555
6593
1233
1104
6387
47
1340
6773
1920
2282
5490
1868
7379
1552
2968
6527
5150
9642
6034
4957
6519
6505
3650
539
4512
698
4165
5537
1040
2729
3424
9616
6995
9396
2379
4652
6941
4043
523
5052
3749
2036
7710
3919
1430
6217
6629
6160
1908
4097
6072
8219
7
4521
7997
5422
3385
8109
4740
2215
2052
5623
2733
7893
5780
2352
821
5929
813
7502
4628
1158
4891
3225
8524
102
4470
844
1141
7939
6191
937
449
5135
6084
766
822
822
3104
52
95
1391
4692
3081
5375
7959
2226
2704
4456
6537
6139
845
6443
1130
2096
3523
568
7724
7763
4361
761
4530
2019
4669
7887
7118
2174
8632
831
4824
3838
3109
2123
3409
765
2046
1636
5673
510
9211
1555
2442
1842
6854
10038
29
6365
2709
5863
8086
4324
8825
250
5557
1859
1958
1486
6912
9661
2183
4232
2523
7
9444
5696
7629
3714
7352
632
632
6151
6553
4217
6308
4456
9675
3107
1822
1833
6248
8994
283
1891
166
5041
3738
4801
2513
3960
7133
3324
438
8868
2317
265
6523
1268
176
21
4526
9921
7003
2705
7072
953
5583
8081
7173
931
1671
3886
8652
3101
852
9561
514
7201
10112
2923
893
7232
6951
9975
762
3875
3675
4548
2990
8294
9771
1257
4560
1694
3910
1696
2911
6506
1179
4377
1513
966
283
1533
4409
4502
8109
3093
4726
7125
3973
40
516
3314
3088
397
296
8821
534
2997
1548
5208
5448
2084
4665
7943
7533
894
7414
6843
3001
1443
5246
1352
1844
1844
2065
6334
1963
1782
1503
6282
313
5883
3393
7300
7831
609
183
8500
6291
5296
7498
2694
788
851
1251
7500
7513
6347
4078
4491
793
8632
5279
4130
7194
9146
7926
2876
7484
5590
6368
1298
2693
7071
1961
1114
662
767
1359
208
6067
2739
151
7809
4008
5198
1499
1145
282
8169
3997
7347
9216
3350
44
2205
9764
1009
6801
3539
3335
181
3983
4829
3184
1133
4724
5219
8229
2083
67
2776
9498
1053
2238
9451
2972
8764
6942
3924
6238
3882
9093
9368
151
6727
5278
8794
8928
3597
272
5769
821
681
5212
2718
4976
1304
2584
5080
717
2275
4272
8168
4391
8425
3557
4534
8577
8069
7124
869
6836
438
298
7206
449
5284
8446
8446
3584
4467
114
4982
5157
6598
6347
288
715
2018
1165
38
4888
1711
6049
2697
2699
3613
623
2533
3455
4521
779
8586
802
1163
2666
2399
3165
463
2688
1772
527
2981
9202
3985
98
6052
5790
1197
6030
7130
3682
242
615
7523
9411
6945
532
1359
628
4626
1149
3150
6696
2188
9483
1626
1321
195
6181
9247
1799
1435
3497
4244
52
6211
9389
17
3229
3582
5760
8983
8632
471
1976
37
52
1000
4026
8007
5222
8825
4121
4476
1790
1171
1063
6283
7826
1675
2170
2736
3152
4631
5861
9737
4948
4941
2934
1484
5847
1020
4433
8611
3073
2971
8447
2739
2458
3700
6171
9637
4877
267
238
750
10042
10042
2285
459
2808
1303
109
3180
8312
1489
3205
561
3069
5845
4666
4456
8769
3403
3403
274
1208
151
1500
545
5875
141
1783
2444
40
8427
8427
3170
2572
2676
3561
8828
3139
7340
6475
325
7415
8632
5442
2414
8696
9786
2862
703
6786
3146
937
7098
1331
2159
7334
9452
1429
5287
2868
8734
231
8190
428
10016
8286
6088
4630
3927
7364
4374
4250
2938
687
5304
368
1153
5767
8073
4056
6685
1142
8376
2168
632
8543
2529
4737
4777
5377
7455
128
4238
9578
4223
1567
3972
9621
9501
4674
4364
7127
9655
2063
8304
7644
5146
5451
3487
4979
2618
7328
2342
2564
6026
5215
9976
1747
643
4463
151
7256
7023
3311
1665
3341
6810
9912
2691
943
4775
4843
2331
3271
2095
3025
3720
3232
2627
427
4125
3717
4608
5367
1437
741
5169
8835
7298
8035
1430
2176
126
3449
1584
488
7543
3194
6191
1841
5683
1940
8530
3488
8397
939
5101
5916
1430
3996
4231
5865
8852
978
3543
1340
3338
3451
338
4490
4435
2700
1113
243
3907
3856
4023
3217
586
2833
467
151
7809
3006
4444
4525
748
7097
5764
2815
1502
283
9
1035
9679
4108
5255
616
2913
4855
3225
3878
7470
4182
1978
197
4538
1137
1137
5067
2069
6460
1036
5265
2889
8562
6042
4691
7267
1603
9219
3958
2514
3112
2751
7040
4899
1443
6540
3953
5089
8938
9569
425
37
1059
9881
631
3635
4280
4492
3330
1446
2422
3090
8969
8743
6491
1509
9404
821
2504
213
3756
6717
1359
3398
8422
7027
298
4102
7644
7887
8853
3730
4382
2347
1956
1304
4098
161
10128
7820
2125
276
423
7165
334
217
1130
5363
5816
5429
5273
7809
4615
8976
9807
5739
3799
2260
3711
7121
7425
4082
2980
2701
2459
10105
7523
9166
4271
5026
5143
1340
1135
5722
656
3615
4521
7335
9345
9141
6348
265
4226
4758
9936
283
6758
7798
1742
209
2019
2765
6289
7277
856
3055
6044
2877
2878
7927
167
167
5794
5195
8204
1014
3419
4372
110
7043
325
4952
2843
4990
293
3899
4647
2011
1839
4448
8387
7578
8429
2200
9164
5805
468
3129
4640
6978
2603
4407
1624
2312
6498
500
408
8546
1261
2779
51
7834
8616
3734
4064
6637
8939
7887
157
6798
1859
4921
2873
434
3645
10131
4133
5333
3277
5897
4641
7214
2689
7725
6027
1922
7164
1341
3069
3069
3007
907
6379
8312
10133
6790
7507
6273
3966
2854
1897
6986
2988
5872
9558
4660
73
5954
6765
265
2054
2268
7881
851
4373
4061
2871
5520
4440
7482
2672
2440
7224
5083
1840
6698
4340
7543
1556
1922
7954
393
1359
9028
5445
90
9213
7176
1359
2064
3270
3995
8216
4956
8094
8094
2464
3418
4443
6106
622
5625
486
5627
4051
982
9735
7336
1375
1421
4025
3445
3668
1598
1598
2917
2049
3768
8239
272
551
10054
998
2093
166
28
6852
8250
7066
7692
8828
7947
2688
137
2004
896
7970
3993
325
890
879
870
4602
6084
4317
851
7910
4614
7921
8606
3260
684
1147
481
1452
6047
6625
1802
3062
9485
5790
550
427
7210
2136
2368
591
3618
9713
7751
2487
6005
47
3145
10103
4980
1239
3691
5050
3807
5000
43
135
2503
6337
3014
4172
2794
4283
1539
4750
8757
2738
2885
697
2318
1082
7580
1052
1418
7263
2312
8863
10002
167
7786
532
1340
5779
44
8493
9569
1140
4943
540
2430
2016
41
8134
2376
3003
9173
2223
5926
3004
99
768
6532
7980
3399
7171
6592
4521
6236
5935
2745
1394
724
233
3495
3362
8222
9959
2944
5364
6041
2688
2957
7343
8312
3635
4456
4946
1939
1474
6103
4920
3199
6334
5493
1007
532
4636
1321
3913
166
4797
2952
4065
5274
1247
7777
8225
5741
7575
8447
563
4606
6545
6508
8067
6592
7644
5402
7954
1612
2116
164
202
196
4712
5790
6788
9707
1917
2657
3616
1213
2680
5387
2385
8950
4200
5344
1145
6264
4721
5105
6311
1273
6166
6681
7115
4511
7929
3194
6209
4922
1021
6439
3647
52
9000
562
1091
4039
503
5541
1210
7854
440
7445
2511
10111
6882
5482
705
7551
3740
1368
1085
6568
551
7402
4830
5269
2692
9982
4032
2772
6042
9911
5121
5237
7421
4908
3178
3026
1302
4593
4577
7224
7524
7185
9465
2597
10058
613
7011
396
3333
1324
7528
7308
239
3448
1892
8572
1278
394
2526
4900
7436
1386
5738
943
100
3715
646
573
2830
7243
4633
105
1135
4199
10114
6410
1924
6836
4255
3651
3536
6197
1406
8467
1291
8162
7355
929
99
1036
7882
6470
3986
2186
1397
6173
3917
5572
5127
1162
7721
509
9404
1888
6649
2778
7523
2821
3258
7527
2875
1207
795
6667
7895
5825
4254
4515
497
4028
7240
6510
9556
5671
6971
418
1337
1766
2113
5593
9348
6531
8476
887
4674
9300
4898
3212
4933
3524
8474
2313
308
2799
6910
4702
4332
5963
7667
1069
1806
1680
1149
7644
2874
2305
4416
4857
1211
4538
5595
1136
6892
1251
4823
2949
2646
8084
7074
1131
1380
2218
2695
6731
2500
2720
394
7307
2034
5559
1245
101
2428
2107
9019
4521
8118
1251
5539
756
2963
3187
7719
9375
93
3339
664
5753
9797
7299
6492
1800
4961
4949
9005
325
9045
5874
6817
1579
5444
7461
9098
2762
1417
1417
8519
9443
2710
3352
5720
4916
2151
2151
5455
8685
7644
8955
4447
9081
10042
6288
9468
8677
6917
9668
7197
1045
6360
4627
94
3019
3019
4143
6597
4819
1467
730
874
2506
8300
3136
227
10072
6900
10109
7960
1340
8
4109
839
6020
5633
7809
822
982
4951
7000
3008
2265
155
5628
4186
902
301
6618
9013
8926
2599
6491
1719
9065
3069
791
1757
6914
2290
8970
9479
9551
1600
917
4483
7332
4162
7317
2588
2825
1400
2849
804
925
1408
4625
2992
5617
4847
4309
1746
1644
4151
6953
438
6582
536
376
6314
1424
5047
1867
6191
1430
2339
5408
757
2259
4442
9393
6499
2909
8202
2092
1807
2598
2552
3199
6787
1788
4185
5563
7058
4781
1348
3820
29
1518
3308
1069
5656
3608
9546
5737
8166
3022
5230
7369
8963
3883
5888
8668
7009
1166
626
1929
7998
6012
5087
6208
363
4108
8196
8259
2784
8228
5570
3145
21
1199
1566
1445
6100
3329
9272
1938
1203
360
7249
2120
616
7114
430
3156
4978
9562
205
8266
2534
7224
434
7628
6077
1577
2902
751
8185
2493
3391
6107
5123
3468
258
3905
5163
3593
1301
8809
5439
3018
3266
4852
1220
443
5680
7285
4583
3686
7073
7532
3267
3267
3049
10017
9193
3079
3589
1194
9405
567
9277
7523
1864
9497
2797
3897
9247
1737
4543
3756
2050
5173
1541
4744
8565
2953
8871
9662
6409
9257
3106
1030
1805
4161
1730
1612
9469
779
9865
4360
9768
2093
21
2158
6583
8266
7179
3223
7478
5104
5698
3886
2455
2356
3625
7354
5692
2121
7919
7772
3617
9641
1306
6773
6347
1415
9747
1933
8892
5845
8019
6523
5645
3145
7636
4965
10029
10064
4111
405
9338
4321
3376
1357
1778
9030
8369
1033
53
1706
5727
10067
265
631
8119
7779
181
1735
4571
526
5574
3745
2280
1485
3181
7989
7181
5400
5803
1368
2048
1677
1470
1076
3669
1416
3664
5927
6038
2510
5039
720
1505
39
6375
1859
3226
6375
612
5660
6384
5904
463
99
146
1789
5070
221
4395
738
7644
38
4616
9189
861
1430
1832
265
6305
8415
1402
1402
1157
8918
4510
5428
5392
5142
6104
1943
5850
9174
8405
8717
5599
8173
7837
1340
1619
73
2789
265
6329
9854
8551
1367
8112
3444
8176
3886
3162
3938
6132
8746
5391
317
8277
4350
7279
7188
9202
1785
6860
8701
9495
1027
6188
7783
7843
6372
4695
8406
10106
5659
5351
266
1342
955
512
2622
7428
1103
8384
1723
7260
7899
4984
766
6706
7509
5799
8643
2055
8632
3927
4186
3387
1129
3462
8850
401
7884
7508
4196
6744
2387
5903
7644
1252
939
7013
3693
1604
4853
493
99
5313
2334
648
4341
9082
7865
3097
1812
7835
2724
1304
7912
3768
5936
4752
3114
8124
1381
2744
6266
968
161
2293
1185
9176
9288
5754
8997
923
2195
1910
3012
2388
7367
5021
8295
5458
1656
8233
8507
6789
7808
9521
8741
4090
2983
2605
5730
2883
1909
10084
376
7644
4166
8249
2093
8800
3900
4249
489
5571
5951
3056
5641
7731
7176
2149
5728
1187
9496
8170
1395
1989
6658
9688
4822
2987
2484
2484
6310
4362
7744
3467
1874
4591
6623
2775
4107
4799
1420
1409
145
2192
583
6418
490
9137
974
8
10042
1010
4141
1716
3818
3818
106
1611
96
8632
2303
9655
3939
926
2959
1087
3558
6496
7180
787
3805
9271
8763
2803
412
4395
3280
3054
7064
8296
1161
1708
8692
1287
5307
5265
6630
5462
1793
9352
1574
7639
4988
3472
1340
288
1013
8444
7313
5134
7568
7568
3149
2555
5802
2702
2157
7947
5663
655
3535
8246
5206
1810
631
2877
646
1089
2688
6375
8170
8914
3752
7973
2637
1069
1889
4460
3896
1597
3291
1254
109
550
6117
5094
4476
3038
941
8580
7714
198
5775
5668
3177
7069
1402
7494
3609
8803
3507
6661
3769
8788
3309
370
961
6056
698
3289
2110
5581
632
2168
6225
443
1623
4085
7055
129
6692
5170
1528
8997
4112
3564
3347
9047
415
3949
1797
2085
3104
9367
2747
1506
8695
7606
8302
7524
3920
3069
3176
7982
4673
4672
4677
3071
1430
7116
8381
3680
5880
3020
6567
456
1178
6296
3771
3991
2624
1387
2864
3122
5373
1685
2141
6179
1514
3947
1114
9981
3827
159
6007
9258
7769
9321
2168
6144
1594
5554
5917
2737
7108
1084
1347
3104
2471
9676
3933
2832
5631
5919
6897
8268
57
183
3696
1571
4216
8513
272
786
1601
4821
157
7887
991
1089
2334
1179
7666
3354
5262
4063
6204
2498
6066
5108
116
1472
180
943
1332
5299
7755
6110
1279
2731
7244
398
3660
69
9545
195
1758
2175
4041
5635
7416
5966
6701
6931
4950
2416
759
1698
8928
1306
50
5965
3842
9541
1633
7250
5740
2439
3421
6690
9491
8994
283
9899
344
201
15
706
8152
6163
3702
1945
2495
4784
764
1399
1479
2415
3721
1880
4795
6252
6095
7442
8128
8449
3388
6073
2650
1441
789
7961
9342
7625
7892
7189
75
6138
9495
857
3786
4863
4152
5979
625
3200
3447
1515
3681
5735
1885
5768
2241
3551
253
280
40
1101
5787
708
5235
9527
2478
142
4190
6774
4330
593
6027
3897
310
2688
2429
4538
9715
1055
1807
3742
7685
59
1256
2137
799
2000
10067
3206
3037
436
8490
1070
10104
520
1712
7679
8900
2003
4222
357
5947
8961
2022
7851
219
7815
3208
4592
4751
1693
3639
1007
3147
3852
2804
9665
124
5958
3349
283
5468
3954
3658
7963
2519
6352
9408
2579
4474
3701
1012
5131
5120
3731
6385
4644
943
1496
4067
7211
9146
7861
2863
1473
31
6743
6969
10042
1501
7218
3355
1585
7694
1732
6877
5005
983
1436
6958
5549
732
5023
1253
4428
7
2225
5943
1115
522
1011
1085
131
9220
6145
8212
3260
8086
73
4771
5566
6247
2213
3405
4192
388
0
5093
8923
208
6168
1732
7303
2145
4371
4037
113
8556
2309
5406
3102
8125
6903
7344
3619
2613
5414
2725
5342
9716
7158
1724
352
619
5665
993
555
6083
8144
248
8906
201
9866
2098
4394
6008
7809
9952
9382
8409
7448
4135
2093
5664
5827
2661
7516
9146
8484
804
1710
8328
201
4081
2070
2689
55
1434
321
283
52
2378
2571
8897
343
846
292
2852
4738
3577
2579
1360
6325
9821
1467
7753
8135
2141
7008
3709
467
7738
3994
1123
1097
1270
1606
1559
0
2187
22
6424
4514
2591
3
3595
8191
7878
376
6871
2230
6887
5283
3803
7234
2060
353
5588
4870
8028
8813
9378
5066
3044
8573
3185
7289
1953
2407
10084
1191
7151
1398
9149
2190
6528
4163
4163
3189
6405
7016
1402
6641
515
9812
709
6911
5446
5179
2976
9739
3883
2298
7941
2269
3540
1515
5998
4334
763
7809
6569
1304
948
373
2175
3250
3489
1896
7933
9443
1266
8731
4907
4915
5176
9462
7424
827
1070
2888
4263
6927
5359
3011
5567
4131
5962
5748
9969
4040
159
8261
5435
4581
3750
3943
1282
2093
6039
3860
230
5074
5374
611
6740
321
361
1858
900
4276
4368
2810
2359
3254
402
7731
2645
4919
4639
5055
2326
2670
2319
9076
4206
8645
675
3304
9979
10040
8070
641
71
7579
780
771
1875
3019
1376
6509
3770
4659
3635
1015
8977
5084
3245
8745
933
7735
7022
1786
426
4134
4025
38
482
5915
4153
2998
1232
4937
752
3974
8312
2640
1881
2715
7426
2071
508
438
7401
9696
8225
462
1089
308
7849
2920
2617
8136
2898
1448
2136
455
113
4030
871
99
2703
8909
2988
2932
665
8456
9202
1216
5766
1972
3118
372
5021
3886
2540
6644
2193
1985
4541
2093
989
9904
3516
4180
969
4547
7474
5051
6500
1975
3634
422
1110
1572
3215
1865
6163
9572
9755
6381
6262
910
4704
8769
1451
5965
2814
5666
9917
5276
9341
8371
565
7292
646
204
9165
472
314
590
6578
4700
7463
4043
5516
4073
2369
675
8347
2545
2003
7917
739
7727
8371
1697
7460
7000
821
1646
290
8231
507
3130
1002
2548
6223
908
908
2942
2508
135
3897
7872
616
4765
8974
350
1087
2341
3272
9529
2477
7361
138
631
1742
3182
4312
2991
884
4664
4728
7254
4366
2445
2636
8033
3336
4995
4250
702
2644
862
4050
6218
9863
8514
982
6723
5584
3888
6447
8151
6268
3653
7334
1787
1787
2681
5053
8179
64
3201
7077
9875
3554
336
9308
854
5100
1921
5587
3897
9020
928
187
3812
2499
99
846
6925
446
4410
3142
2185
7253
282
7280
4707
1949
9231
7863
4456
5547
1057
7045
7294
6258
1469
5992
722
4396
2891
1966
3
2591
5229
4260
10157
7042
4971
8753
5994
1862
3461
283
5467
9757
7200
310
8404
707
4885
4202
6328
3785
8569
5120
6479
5465
56
1024
3240
8307
7347
4105
2030
6323
10109
6347
1135
5028
7752
851
251
6345
6345
2965
3135
6538
8303
283
7644
6592
7035
7543
7529
4676
9095
8818
8774
8393
8760
6184
4564
1051
9445
4674
9318
201
2515
4790
3114
6742
1590
3580
6472
605
9754
246
860
5643
6177
8129
1032
8945
40
6136
3446
6170
5196
5524
5147
3513
346
1663
5558
2419
6198
2850
678
2038
9584
6771
3318
3408
1750
5117
444
7557
7557
6483
1029
2660
2660
9632
3423
6680
6855
4803
982
6163
9550
832
2361
249
1872
4013
4405
8581
2945
1878
288
3640
4243
529
2131
6052
325
952
2551
967
2365
4029
5552
6932
2671
5360
1936
3779
4159
7928
5193
4679
929
841
197
7496
3207
5031
7323
2655
872
7809
8078
6639
2767
7814
6027
7249
9129
1957
7178
679
4252
4574
8156
4590
9060
2324
184
3290
4970
9805
8285
1483
7948
2592
7715
2766
1190
6648
9113
2462
1977
1722
4558
6489
8552
4359
2391
2086
1741
4550
1568
7645
2393
990
3391
1950
2168
3278
6053
1264
5463
666
3154
2810
9051
3849
6675
5604
4251
6943
6149
2900
2467
6905
6523
2435
4760
3351
891
2162
1398
3441
4225
7762
3167
151
8522
7024
8189
4660
9146
1523
1300
306
4404
7600
6821
741
1476
9121
5930
4828
5781
4462
798
623
985
7674
3695
7797
4578
8319
1099
4268
4418
559
459
6970
7396
6868
8461
613
9898
2044
1700
652
4253
8628
1654
9841
1437
4597
4338
9690
3637
2780
7716
2633
1292
9346
9121
6800
5379
2256
8351
5544
2667
3364
3724
355
3967
5756
8402
4075
5393
767
4083
7955
8421
6284
4882
4158
741
9043
7845
4256
2853
5314
3153
7327
1242
8878
5035
201
6948
1997
1388
3187
987
4426
5899
8350
9182
2093
9760
3069
3766
6242
1616
8480
1107
424
2647
3992
1069
671
5251
10092
2038
6836
52
5988
3657
2507
5511
9657
9602
2868
8510
8979
9247
1238
890
447
4871
7887
695
5938
344
9980
8789
3484
5265
4316
1222
912
6085
165
8769
1640
5793
4376
5477
7109
2750
3476
1759
6264
1687
4859
2769
2362
8487
1462
1160
4787
1193
3466
6577
6755
1672
3613
6594
1857
6853
5131
8917
9655
3353
8423
572
1130
3931
2591
8619
764
10141
1948
37
6833
1515
531
8711
7061
6395
5795
8836
6890
2122
8518
9235
4297
5232
2557
403
4400
162
3110
5873
8236
3238
2420
1459
2406
5346
2128
5522
4205
7542
6172
1339
6974
556
7459
822
7809
8023
2922
5409
791
791
1586
8578
139
7701
2648
1155
3547
6878
1670
2896
461
7519
4275
8617
4809
3857
9526
2308
4099
5860
5855
4995
8797
7379
1996
170
2983
6353
7964
1071
8383
7885
641
4417
1912
2528
3273
4037
4796
7372
4635
5928
6191
4596
3359
2042
743
7795
4731
1139
5205
4159
7935
7583
2939
1132
6921
10090
2996
5096
3763
412
8278
183
1234
4412
3192
1497
6605
3346
7431
3753
3895
3879
7040
410
6455
6476
8431
6034
3198
3902
1755
6935
5019
7531
4612
3923
815
1357
6222
8355
4139
3099
7999
5836
6165
1477
402
7086
2912
4697
2255
5197
4196
6220
7018
2905
3813
564
1285
2608
9121
100
6176
7330
3638
5636
4311
9710
286
10158
0
6033
7138
10105
9323
6027
121
6923
310
6465
1054
1379
4427
2520
6319
3010
4538
7056
956
5546
1889
4526
667
9014
3115
2228
2761
5774
6769
1559
3978
201
2690
3785
6093
2437
553
6430
1884
3894
3241
3241
183
2562
7187
6033
9777
8117
3067
7385
1883
8694
6287
4466
7806
9554
7649
3252
1849
9307
7083
1179
7483
4889
4059
2652
4856
3264
9433
9828
5353
1072
509
8431
4890
6374
37
8258
756
4513
8706
3098
5014
346
3307
2178
4194
8215
1901
9194
8020
8100
6972
1641
2527
2292
532
6655
10177
8547
5610
985
1659
5046
2929
7380
7034
8213
401
4994
466
9947
4486
1642
2530
8103
4660
8463
6154
7222
9100
6087
6494
463
5319
414
3103
6252
6252
4001
10135
6769
6872
74
5216
1081
9931
4020
78
6252
8271
6231
1318
790
2993
3981
4977
6322
2651
1984
1304
3127
6857
5261
8590
2284
1773
6216
895
8139
5259
5491
588
5390
7616
528
3016
1228
7862
7574
3005
4481
3855
1556
7249
1189
8521
4077
5183
6221
4536
9624
7160
665
6653
4662
8715
4754
3401
4110
5601
2893
6796
5710
4484
1219
6248
6069
7792
3342
1010
8059
7591
6159
5162
1060
9629
9629
3677
7838
4617
1713
4968
8336
3426
4566
6949
3256
113
436
1993
7614
3880
437
9190
1146
6657
2550
2427
5589
986
2974
3233
5136
2786
7829
3480
9581
2106
3305
6910
130
1622
644
1728
2448
7296
1098
9244
7289
8086
8086
2362
7320
1774
1353
3158
2003
2556
6186
5121
4016
4670
7388
543
9379
5253
1137
2758
2712
4066
5876
8248
392
9202
438
3976
4696
4713
3500
773
9227
413
6682
4715
3116
8359
5675
8115
2168
6165
7897
3728
38
2609
3702
4772
2874
3123
6826
494
4397
9695
8671
946
965
965
2538
3722
767
7053
7053
105
6804
6162
9674
4097
4097
2590
2818
4198
2846
4563
4563
9570
4115
6836
6858
1656
8420
6389
2559
2880
2838
8236
3854
1602
1531
4070
5827
1069
6013
5562
63
287
3358
8568
6347
1194
5560
9706
1458
713
4042
9886
1637
6338
876
7057
1324
240
6898
9236
811
964
9505
8088
3392
6029
7967
4385
8177
1846
3666
4773
1316
4954
85
6548
4315
1898
9154
4337
9310
6052
659
6508
731
4471
3663
3790
19
2560
5770
8545
6713
9897
46
1690
3575
6327
7909
358
9667
6950
549
2383
6098
698
1515
4962
5989
7090
9121
7770
6962
1431
2777
7324
9833
1610
4549
7990
1511
2477
2577
2505
1127
3017
480
6533
3957
5389
2892
1444
119
119
9666
7869
4766
1714
8799
5669
1822
9301
9424
6321
3818
957
3531
5226
1759
3263
6646
7184
3522
1856
2735
6450
1490
2249
2249
2812
847
914
8378
5282
8217
6491
2208
1363
1411
2983
3214
269
169
8625
6666
944
6185
9270
1018
6454
5695
585
5310
1126
838
4839
6383
3381
775
4812
9964
7454
794
8668
1794
3337
6004
571
2202
3163
2488
4456
5737
10032
1245
5538
8331
6082
6886
1520
1828
8596
6511
6511
6250
8293
1305
8747
851
4848
389
3640
4264
84
394
3125
3931
5504
1804
378
9186
1817
3811
9270
882
6707
1743
756
2295
3829
5849
3321
6157
8322
382
2810
383
7722
3395
2926
5407
7230
6255
3893
4282
3117
6406
4356
2639
4294
10052
356
2007
6570
5180
1161
4057
4015
6836
3276
8487
4942
2226
5809
8486
3374
2005
4746
7202
3211
5812
1508
8704
9998
1437
6267
9347
4495
335
2405
8460
5062
1438
2874
1493
1189
73
5355
1250
349
2146
563
52
5579
9111
646
6376
7905
723
2869
8371
4415
8114
3784
646
3982
1322
2845
4025
1836
1809
6784
1515
641
5158
5064
9407
5833
1627
3571
9918
7641
2032
2389
2835
3303
8281
1954
9905
5340
6021
2969
5784
7052
9202
5620
4209
8651
7491
4905
1500
8270
2673
7662
5008
821
7349
5245
2540
973
4531
2234
1649
2848
9291
8528
1984
8657
551
1793
6002
1163
6552
1148
4544
2841
2841
382
5653
3515
1776
9312
374
6114
781
2374
6825
8230
6124
1121
3322
4432
4762
8750
5534
7025
775
7503
3629
111
1771
8767
2936
7041
1596
4389
2716
809
427
1410
9544
1387
7147
2799
9765
9478
776
6777
2386
1569
302
7587
8357
906
2967
849
1116
5314
3327
365
6959
168
1530
7234
8086
8494
796
4357
9112
3825
1529
2575
2020
584
3209
7787
2469
3861
3506
733
6620
7105
8029
4270
1373
2340
6902
4650
1263
8304
2037
6515
3159
6008
3407
1895
3433
736
4089
764
2601
2093
7239
6776
8299
8714
4318
1170
5638
1818
6488
530
1294
5450
8056
1929
1456
9041
1560
8214
9743
2401
3979
397
6566
203
2082
2781
208
7128
3265
1224
2613
8146
4881
5894
6196
7485
5739
3741
5009
4129
6473
4390
7225
1243
79
1559
7985
8995
9961
6592
1587
1681
581
1412
4783
1361
7809
1763
1284
2163
1643
2522
6280
4646
5350
2847
2304
2073
4452
5564
2023
2962
3027
551
4242
6864
279
4034
3640
10032
8777
9044
6671
2266
1843
9073
6379
3744
482
673
3287
3540
3521
1565
7836
2312
573
2474
4892
2142
7604
1100
1329
485
3092
1135
6101
6816
1673
4840
2696
8895
3319
756
5726
8452
5111
8654
3199
3875
5043
6183
8996
6022
6442
2802
6302
4537
8425
1411
2983
1437
186
2994
6684
4632
5661
1609
756
1820
6175
7597
7564
10127
9105
6133
1701
151
867
905
3989
6386
8609
99
3332
8828
5946
4449
1592
3963
8127
938
7937
346
3439
1915
7504
4969
8143
8751
956
5008
2243
7434
7535
3512
6721
6926
2856
1871
8354
6836
4383
167
7800
3684
1815
632
4648
2231
5500
5798
4897
1077
99
4815
863
1086
4657
2541
391
8508
4080
9553
8583
6560
5492
7739
2404
3862
188
6097
9214
1049
9732
201
9643
5983
4705
2000
9290
6616
6272
6745
7549
1467
253
3246
1517
237
7224
9900
7794
2882
3716
455
5461
115
7752
8999
6779
255
190
1520
6652
3685
8413
38
99
7237
8039
2586
2057
1314
3396
4327
3239
9084
842
3412
4090
2983
4411
5038
295
7104
6794
8854
8608
506
5677
9278
3853
3504
1221
9924
2839
3760
1181
2961
9660
463
6099
2800
5712
9181
668
1494
8032
3312
3707
1990
2207
6243
6874
4012
4012
617
1201
9612
4084
746
786
6202
5790
7147
6542
4328
7224
38
819
2940
9592
1062
4850
3841
2734
8225
1095
303
4434
117
8883
148
3698
3699
4114
5194
59
9247
8274
6364
1556
1922
3416
714
2390
3230
10108
9939
5734
6547
1188
5345
1144
4607
4945
5871
5697
9937
7000
6938
200
9158
1613
2983
3501
5295
10165
1551
4629
10151
4322
7894
203
836
3876
3384
9320
4181
8161
6167
4413
851
2553
4022
208
5362
9022
6875
8481
6819
347
5412
8287
297
6518
3678
7215
4006
3633
6859
7813
3505
7438
9723
6357
2248
6653
8593
5061
5432
387
2155
5335
646
1515
7856
1112
1251
1169
264
3783
9072
2638
3871
5707
2134
96
8291
1784
2955
3294
5732
7451
6124
8235
1725
4246
5308
7807
8651
5472
1917
5785
987
5902
4002
8213
2277
565
4609
5832
5254
9010
2574
797
1098
10140
2115
7308
1283
6200
1308
8962
1608
478
96
4296
698
8730
5418
1583
6058
6399
3641
5858
6129
5376
5324
1890
3518
6490
1608
1608
3835
6407
1793
4716
1138
6229
6613
7680
5078
10085
407
4958
6283
8646
7612
8242
5837
3987
2464
8991
6807
8244
3482
1993
394
283
7513
4654
2836
68
8508
9250
6174
2191
8380
3567
3847
5792
6658
3768
7046
1658
308
708
9461
1702
5937
9618
8462
6105
9825
8486
9202
9655
9434
631
6985
321
701
6842
4423
5210
6928
203
5514
3602
1589
3215
621
393
2721
1906
797
2662
4675
8911
4817
6836
2317
3928
7142
3
2591
1744
5598
1973
5835
1760
1934
1069
5132
2311
354
517
2447
6387
9596
8188
5640
9247
321
7773
3024
756
6052
170
4188
9943
7079
8147
8312
8312
9917
7505
1315
4573
125
9475
2438
9495
4944
3028
2336
4229
1128
8131
8708
7030
9931
1236
2726
1098
7633
7693
5466
3164
8445
1225
2649
93
6485
4333
6150
880
10050
7726
1461
1241
3331
1392
2160
2431
563
7110
7697
4674
9046
3636
450
4872
2100
572
3532
1607
6011
5693
6487
5327
2594
9997
1769
7205
9648
4999
6342
3490
3065
2087
7236
1674
9486
399
1024
6116
3897
575
7809
5325
9404
6977
5394
4379
5592
4505
5242
3823
10136
9280
3704
7983
5381
10119
694
8554
1317
2338
4804
7265
4756
5234
2009
3782
3846
5401
5190
3420
9511
7661
3000
3918
360
7249
2355
2355
3325
3747
323
3
2281
50
215
3746
7369
5824
6252
3094
4422
103
1962
7070
7665
4370
3104
2093
2333
34
224
3058
2398
974
2916
4671
9440
8699
9049
2026
5233
3459
3866
9524
8862
161
4269
7406
8257
2289
272
9140
3735
7837
10069
8784
5823
7691
6182
1515
2502
7336
3604
7552
641
7828
5759
5470
8063
7080
3635
2167
6104
4842
922
8342
9471
2382
5314
9896
3763
1204
1182
7659
3640
2377
9159
6762
7265
5811
7312
3236
2807
1044
994
6760
3565
1022
5830
3051
8791
1980
741
2874
2015
10126
5286
9059
8346
8875
7996
9311
9323
8571
272
5684
1271
10099
5857
5893
744
7904
6592
4749
5265
4557
610
5933
1390
4424
7867
4038
5241
2100
8847
2276
7904
9108
8626
1781
7155
4572
683
9409
4698
607
7971
5895
3940
4501
888
2491
3243
2904
3041
3353
3476
1922
4398
5010
2240
4911
6866
5033
4489
4258
2649
889
7896
5206
9555
3964
3962
6094
7262
2395
3432
161
7972
50
3897
2409
475
2877
4193
2450
2424
2760
8873
8832
3043
3814
7316
501
1274
3801
2081
1371
646
511
4140
3648
4109
7139
5944
273
3620
2587
1105
3493
8964
9845
10041
7655
4847
4634
6379
5321
2641
4902
341
6102
4477
3368
5454
7819
2860
824
1468
9923
9817
7962
6514
5370
8183
3739
6603
6281
98
1058
91
1177
7181
827
5651
3470
7149
3145
9262
1850
1076
8368
8683
7599
8698
9800
569
3832
5884
4516
8881
10048
7859
4043
353
3566
371
1095
3904
6433
9346
93
4219
8137
3126
214
4618
2973
1831
4711
4142
5215
10026
10018
6640
1069
3886
8149
10070
4094
7113
3550
4291
7687
3269
4048
1475
9819
6350
1869
9540
98
5486
2013
1667
641
8315
9986
4252
4252
9260
9167
2367
8828
3134
5425
4796
2412
5248
4298
2613
607
7670
1591
4179
5155
3891
101
3153
476
107
307
8846
6663
6647
646
6725
203
631
4985
5666
7373
5042
7467
291
6086
7333
3591
1982
3764
6001
2184
7403
775
3053
3833
8807
1194
729
2221
3892
8959
4043
8953
1923
770
6370
417
1572
5044
7331
2738
8485
42
1077
9516
4240
3955
441
3635
8122
7102
682
177
551
6568
3798
3070
5275
2099
7285
1562
2
2
7731
3886
5199
9110
6508
6604
2451
26
9202
7119
2920
5022
1776
9102
2546
4898
1447
860
5054
6863
4535
4429
4429
2072
763
8523
548
5449
8034
2400
3132
7866
2682
4187
346
9057
5918
8810
6650
6699
812
5639
3494
9818
3255
8087
2258
1653
7577
7642
936
9015
6907
1662
2554
1635
7887
8128
398
4265
9585
7229
4674
2989
5883
313
6768
1083
1830
5071
6206
6115
4390
2164
5961
2263
918
6014
9717
9092
3864
8693
1066
8247
9404
1581
7706
6127
1814
3137
96
6910
275
5
8344
312
6694
4793
5997
7370
8799
5384
675
3284
7353
1249
5853
3509
226
226
985
7261
6432
7958
2154
513
7087
3934
2224
1069
7640
1776
5510
988
3610
6703
592
4485
10150
5496
7784
1411
7545
60
7240
1720
8197
4811
4352
8776
1998
5975
2235
10066
2659
8089
6414
3397
2877
737
3049
6446
1993
3300
9570
672
6226
4322
2111
2607
6610
2842
8211
1335
9103
9032
8768
8170
5421
3065
5815
7620
136
864
1480
70
3628
1575
3605
2813
5725
646
4934
263
4605
1344
4640
8425
4559
9731
9239
2045
9494
4436
6829
6224
6025
8988
5826
5912
3548
6791
6791
2754
4939
3166
6766
1099
6693
4960
1281
822
1959
1038
2001
9422
3353
4117
1080
694
73
6478
3315
2093
672
4964
9091
5666
1346
7789
6797
1323
8199
140
6565
1597
4090
2983
6239
7163
9106
2713
3596
2547
2065
1779
882
8539
2936
5620
1145
7216
2105
8748
2353
59
8915
692
560
6333
121
1546
2310
4482
2375
5289
6027
7249
6462
7021
1349
8245
9243
4019
3635
4281
1595
1407
9940
4493
1968
9839
3941
7608
10062
2830
5257
1442
8802
9233
3762
646
3279
1150
9075
4686
1823
3234
7298
8166
5045
8785
5834
6449
2315
1457
3039
4734
9347
7191
2708
3069
8343
4033
4660
3168
7111
1260
8689
9449
2194
8015
1981
9737
8827
9925
919
4119
7873
4651
1615
416
511
3203
6676
10174
10100
2543
8377
9265
6544
8316
9205
1515
3828
7911
10169
971
3301
826
826
9611
9842
3572
4236
7252
858
920
6677
4096
7140
8877
9737
1965
8856
5398
8736
2012
8418
2215
2215
178
1821
822
271
10039
7632
7632
6299
5264
6881
1390
5829
5156
8508
3671
2344
1028
5531
646
763
1935
683
1556
7249
3091
5171
4768
6504
3911
108
3475
3120
7871
482
5030
4880
5025
6463
499
1350
8001
5602
7000
641
688
5757
3251
2748
6271
828
264
10076
8946
1556
3897
9756
4529
9188
9243
237
1519
1987
3191
8662
7099
3732
7387
4753
9481
6482
5114
1313
7827
7311
93
416
5907
5090
9304
5606
5399
1093
2592
4004
3781
3868
4252
9132
1102
1184
275
2894
8534
4875
8516
5672
6831
4472
1877
262
1707
4910
6324
6553
3244
6189
4963
8060
6763
3343
5258
4524
2402
4305
994
2999
2783
3473
5294
7529
167
2177
1734
5383
4147
6034
4307
6997
1076
3360
457
6718
8781
9131
7305
3908
2384
1382
3768
3155
2117
1173
2423
1522
535
3727
905
6027
3897
8055
1791
2501
6155
1733
6592
658
1387
7541
6939
1829
2635
3797
3061
5633
99
8269
519
5776
5411
6719
3430
4345
123
5905
5905
3281
2978
4338
9183
3161
6735
8087
4779
6608
2810
669
4256
1501
2492
1699
8330
7778
7730
127
8489
7728
1844
885
5264
1383
8986
5666
7703
7251
2632
9934
1916
4191
215
5769
1013
533
8240
4279
402
283
3353
3990
2569
760
313
6626
2189
4353
6050
5889
6587
6403
7747
1178
5227
8667
5630
848
848
1845
2823
100
673
228
2874
4069
646
996
3837
684
4123
5061
5081
4021
3161
577
741
1142
9682
4757
7442
8520
3788
6862
6899
2119
3414
7291
1482
1145
5050
4966
1572
7521
7521
1695
1491
7998
7462
8241
4992
8761
4148
6091
3189
8273
1651
5125
7319
5145
3456
3692
259
772
160
7223
640
2461
8540
8275
6024
7012
829
4160
5434
6137
673
5859
5744
2337
6781
2903
1366
4095
8448
2371
4706
1326
3622
1022
6904
6279
2573
7208
5980
9417
6359
438
2129
8632
6866
6592
384
7944
4116
3074
4792
3133
7920
5642
8830
5532
2362
5007
1928
2642
8265
2320
237
237
2787
2787
2688
837
2788
5007
5007
58
2181
6802
5182
9985
9960
9742
4060
4299
3015
5654
456
9906
7681
6095
4621
8842
7062
2755
3656
6210
1459
5192
432
4668
484
9224
2505
3174
236
7298
2581
2362
921
4012
4655
6967
4546
4518
2212
9296
3069
4438
541
7949
9495
5908
2314
6867
9388
467
5164
3679
1384
1265
6297
3927
7175
1205
6895
2877
537
1414
1682
2665
253
1385
1454
8570
4109
384
4399
283
4932
6052
4118
2616
4880
525
370
5898
8129
7630
2714
4007
6617
4718
4037
686
8537
1411
3540
433
7249
3821
2025
7520
5316
6585
8323
9432
9384
8517
308
2172
9062
8712
9878
253
9672
2791
952
4045
208
6320
132
6656
222
4589
6645
5658
4938
2537
5945
2151
5371
5573
3029
8272
1816
228
1927
5072
4683
7537
3944
4392
9458
4290
1179
9107
6034
7522
3667
4052
4600
7448
3931
4106
8457
1946
9168
9202
9086
5369
2050
573
1214
7901
183
4788
5063
9282
3048
2628
855
4520
4381
8182
7293
2730
7830
1316
6164
161
6738
8276
5860
6896
7418
3073
7392
9116
6484
3689
3195
8201
1237
197
4314
4827
6653
4882
851
8905
8899
3683
3306
1683
5306
2934
3052
38
7239
3569
1850
30
375
1487
9191
6292
641
122
4461
118
2028
5828
3729
59
4802
8105
1068
2669
9801
1003
5318
3588
3519
5987
1372
1453
5982
3946
7524
151
248
1798
5085
6055
2093
6290
8160
5423
3765
8431
4903
2017
3488
229
822
6265
6750
124
441
3867
5140
8025
6987
7284
5459
8170
2325
2477
9284
5356
4727
2271
1620
1296
5189
7799
230
4780
5320
5967
1422
1030
2656
1439
859
23
1248
6783
3912
1625
2047
1517
546
2798
2104
4138
6052
2546
9726
9080
6708
9060
8647
6434
9610
6349
4380
5580
5438
3216
8496
85
8220
4090
2983
4109
1562
483
1942
7190
4154
7785
1638
2344
9947
1155
6683
4363
7780
9448
866
6317
4708
5977
9347
9753
7375
663
8362
5724
1729
9155
6523
2614
4072
7089
5365
2535
10117
7408
7970
2414
1417
6922
6592
651
1019
9268
475
551
1231
1918
1179
4925
9146
2567
3736
8857
7804
1288
7240
6286
8922
8987
370
3253
9453
5686
6398
4037
2688
2766
7224
9249
8965
4674
6997
8658
2029
2094
3060
2460
32
5892
1748
1657
5201
1679
504
1854
9972
9887
5950
2916
394
5578
369
9105
3552
1826
524
4975
7246
1392
1392
8088
8332
581
6419
8913
110
4071
1369
2436
5701
1393
4150
2257
1647
6104
4313
4456
1115
5999
5576
3627
5843
1028
9712
8627
7493
5338
1354
2517
151
7356
3922
6256
2169
982
4016
1991
7603
173
2126
1101
9441
5940
5120
9369
4365
3116
3082
8817
3541
650
10116
865
3499
5786
1345
710
6837
4230
9031
1076
6997
7322
4540
6678
4331
2168
7449
3682
9719
9583
8358
7887
4917
623
2884
1855
3288
4923
3635
1803
913
10088
5820
9361
6246
7559
6708
6708
3317
4776
6795
7422
3483
7169
8254
603
7295
270
9600
6541
8061
546
2197
6266
7741
755
8594
5670
185
4820
4103
6991
1466
5525
6592
10056
3793
5607
2615
9919
7199
8391
2294
5743
4283
8288
9867
519
5131
726
1085
520
6851
3201
5806
3427
8952
1217
3039
8329
6371
4703
7902
411
4256
4256
9768
6036
9198
8157
8631
2890
1556
2816
5159
9347
1792
7934
332
5440
1216
393
448
9868
3806
4613
8466
3932
1223
899
4506
3066
8610
9202
7644
1954
4611
7368
9761
544
5039
9829
7511
8705
2774
3673
4092
9151
1882
1198
2083
5737
6664
9874
2861
4882
1861
2770
2549
951
9234
2237
4455
9121
9055
5739
7212
4955
467
4124
839
122
3703
826
6730
7407
4000
4796
7473
1070
2255
4533
7754
2576
7790
147
4267
7259
7748
2477
7249
9737
3363
8040
7141
2179
1686
7574
695
8558
3845
1870
2752
490
6910
1005
763
7945
8455
6960
6543
3059
1403
272
7242
5921
2558
4473
9084
1524
5058
5058
1779
2039
3881
7144
5184
2452
5647
3931
7348
10013
9759
8469
9318
4156
1433
557
3193
2273
6517
4361
1740
7122
7156
2306
2306
6956
8966
3877
8700
2345
9701
5633
1043
7276
10168
9882
7740
7161
2392
5347
1043
4289
5783
4584
5685
8419
3864
2984
4322
3113
1971
4995
7249
3741
1151
3587
3537
9104
3631
775
574
7154
8086
9085
5700
3576
4927
2581
402
5218
6889
2247
1775
8027
671
6845
3440
4454
1286
3356
3353
1745
4503
5620
2719
10020
6431
8557
4861
2024
3898
384
9623
8902
6081
6195
1628
5013
5495
5453
97
3563
2470
7224
8252
928
9145
7283
2790
1554
2229
4858
1183
702
2316
8208
5138
7026
1824
6523
6924
6555
10042
8383
685
4996
100
9293
5859
2124
2402
99
2524
3600
144
3042
5800
127
127
7942
8399
1049
8332
2620
3562
1368
3371
2851
1028
1453
80
5331
4865
7488
9210
6615
3533
528
10153
7844
2516
5366
6390
661
1280
7517
566
6551
882
2246
2329
8556
83
646
9873
1668
4097
8170
4446
1634
7524
1023
6581
1162
5717
4940
6672
7376
6491
8334
6347
1993
6259
6851
3064
3897
8755
1922
6366
2380
7391
7876
1921
9745
9520
2928
4227
4174
1047
6658
2877
1411
1960
206
6070
5154
597
5996
5839
6108
9456
9021
93
9350
2242
3927
6060
9380
7117
402
7825
5404
1340
7555
2658
5420
5900
9959
1899
7208
7711
8267
817
6705
4789
3873
1037
3712
1034
2280
5159
5376
8052
1227
1227
7590
5860
8074
7040
5264
7981
2497
8994
4504
7249
2626
1054
3743
7798
6536
8778
8834
3262
8870
6375
9116
525
4011
7524
2370
3901
6993
8576
6592
5456
7743
8170
604
3529
5322
2648
4014
3491
5182
6421
4637
1650
641
2482
7166
8398
477
1851
1460
3875
1323
9011
6469
8012
6591
3498
7939
4287
995
6023
4027
7392
8729
7335
7438
5518
7452
4091
4336
1498
218
598
4197
1170
6420
3982
8709
9405
1007
6480
2936
270
8794
77
8008
6749
6092
7631
1379
3579
3357
3031
790
7463
554
626
3767
2287
6511
4047
3463
641
3220
150
4214
1738
2605
9455
4732
9644
4308
1194
9133
201
173
826
5519
6592
4685
10024
7736
0
9835
654
9050
6304
3052
1546
7651
1180
0
8090
8400
4351
6530
7632
8016
6108
4834
4794
8424
4624
9958
6386
7107
9833
9833
5317
4480
4709
7563
7131
3688
7812
88
7974
3525
1023
981
4100
5376
450
3754
1374
2826
6417
75
2810
4101
698
8678
3818
9002
1177
6619
2567
5382
7441
9941
6285
364
3889
491
3372
4441
5243
3353
1094
5910
8230
4894
3197
5473
552
1437
3950
6120
3733
1118
1507
6658
8934
8292
3464
4730
8153
5611
7417
4553
9651
657
1145
7346
3757
7954
2206
3959
467
954
741
9947
1368
964
6780
441
4173
2906
9387
9251
3141
1922
4840
3903
3612
6040
9025
3840
380
4527
9218
7225
7420
4928
6851
1311
4012
1736
1362
4155
2156
2859
778
1515
1290
7148
7860
5225
4895
6274
1550
1178
337
3538
1979
1501
8508
6375
8792
5718
7947
8341
1358
2453
8432
6033
1632
7765
1069
3148
2683
3988
8101
7224
4929
6838
7315
618
696
467
1986
9820
7766
756
756
1230
1932
3375
6027
7249
3349
2611
3121
6773
6347
5323
9324
8049
8207
4456
4678
6232
281
1124
4104
2040
2040
3708
8472
7924
1355
9636
8002
4620
6346
5804
8092
6438
7153
8058
4998
9296
9629
5266
3334
5012
3655
1721
4237
3830
599
4745
800
8932
24
3635
8184
1377
5300
4117
1111
8710
4379
397
394
4348
9177
9012
5464
2079
8833
1593
4120
4835
10094
10094
9622
4710
860
5513
1752
4329
5896
5676
6257
348
4109
4796
3826
3810
1549
9884
6096
2272
909
7006
370
8920
8471
1850
9127
1661
9968
5029
7032
8680
10102
247
1768
9404
4168
2668
834
6262
4720
245
111
6716
646
3921
1995
1065
6330
2357
5001
2753
1035
6140
626
2279
7405
4215
3706
2921
3380
927
5328
3858
220
5882
8333
9920
2855
1967
5309
3975
48
4663
1069
8175
8349
8397
9139
6835
2173
8014
779
7506
8765
1146
1255
1562
7622
467
9314
1847
2250
3559
5417
2685
4016
1614
9548
8547
7001
4445
7359
9075
5224
6729
38
6251
1922
897
1761
5128
652
1069
5376
1488
6813
1780
9930
8130
2827
7438
9571
1999
7031
1464
393
3336
756
4414
4414
901
4999
177
7064
3776
4171
4347
8348
9533
4684
6143
5153
172
614
4159
4170
400
400
3553
6015
991
5842
9500
4882
5178
402
348
9247
2199
4301
6078
1074
1074
5076
5437
8080
4388
661
7258
1247
9744
1726
313
6148
8453
6811
4325
454
1777
9415
5862
3578
1306
4374
3927
8947
59
5817
324
7992
6865
3870
4774
8206
4086
2865
4833
2165
908
2151
9503
5724
5133
5706
1778
8238
4700
9638
8676
8937
1484
2596
7062
4149
5751
5303
4201
4808
2919
8839
8538
2301
4336
5272
533
8492
2563
7129
2810
8555
136
225
6130
2056
4569
2985
5918
7225
3984
5436
8193
2525
275
6840
1459
7936
435
5808
7672
2457
3
712
3970
6400
2138
3909
3227
3457
5521
634
821
9295
173
4931
3353
7717
2910
1510
300
2539
31
666
518
9285
3443
3377
2600
2817
2307
2066
649
1650
3391
209
458
349
9399
6387
10059
9179
572
1095
7696
6980
2144
7489
6363
7017
210
8899
4248
9222
2465
163
4619
3367
4241
144
10120
10074
5254
1215
2687
3906
4163
9404
7075
9217
163
641
1398
380
641
7126
105
3450
1325
801
5341
5864
4322
7271
1159
6747
6048
3503
1001
2792
9363
7011
452
8563
7221
7101
9888
9890
786
877
294
7318
13
5509
1366
5410
7731
3161
3057
3514
4128
1364
4816
2360
4310
2111
3040
8779
8526
3465
2369
8353
7594
4286
2951
5032
6074
2604
6486
9431
4792
886
5993
5523
8104
4261
7020
7858
218
7855
7477
1365
139
6955
2481
8395
4972
7776
2954
1605
9430
3
7400
7729
394
283
9237
300
6146
456
8217
4582
107
8218
10000
3235
646
175
704
7501
2727
6009
321
8622
898
9115
9858
8050
8346
2829
2948
9515
6080
1423
4529
7219
8980
6665
3213
398
6832
779
9758
6568
8933
9480
6668
9928
4064
1042
345
5634
4600
6638
581
6957
8912
8431
3897
7225
5328
8317
5925
2509
4152
892
9351
3527
76
5357
6673
7676
735
8000
2810
4278
7822
9646
6633
4515
8425
646
3925
7278
2454
3931
9648
4586
1004
3345
129
5681
7839
5758
777
2879
8972
7152
2490
2114
2568
7123
5106
5236
1459
7560
299
152
9499
6880
5963
8794
3688
6027
3100
557
5352
2068
4911
6378
1838
9565
7145
4947
9804
5211
3654
641
5416
1156
1156
1272
9395
3183
7339
3534
9861
6351
7704
6429
9655
741
8403
6240
4888
1174
3973
2089
4497
9074
1529
8930
144
4674
8773
3674
3379
2483
6695
881
3817
949
9039
2844
381
3086
277
6068
6916
10075
1886
7859
6362
5419
4579
8158
4159
873
6502
34
6599
5771
4867
1056
9488
6453
6799
1501
4841
2217
5060
9850
2216
340
6249
8719
5575
4127
5330
5603
5807
7801
7000
5271
268
7565
7217
6632
374
3795
8178
2136
3676
9423
3644
93
2605
587
7530
8224
623
93
9192
367
8268
6000
8808
2901
7249
2433
1175
9487
9392
5620
8010
7358
534
1196
4912
7904
5017
7880
9492
6525
9870
8581
4767
4542
4517
9563
4475
5073
8618
498
1120
3313
9161
7249
3796
250
1691
637
5328
3151
4729
4719
4136
7663
5017
6191
6191
5036
3585
2592
4551
2335
1913
7514
1765
8973
222
7338
8394
2366
9542
6778
3611
1419
5250
2485
10107
816
3802
2111
5215
8339
8941
4306
2426
4936
5924
106
7249
8638
7282
1176
785
2441
8772
3268
3237
4104
275
8192
1135
3886
3815
8398
4918
402
2566
1689
693
1561
2740
5091
9947
3342
7439
3818
646
38
288
8822
5644
1194
9405
3063
7732
2204
8942
934
170
2983
288
4524
5982
816
2253
6203
5174
6792
1515
7748
1504
7609
9701
786
9652
2773
1090
8232
8232
7345
7719
8170
4126
1695
6064
9457
4725
4346
2118
3187
6369
3299
676
7678
3804
2355
6035
5814
630
4813
4469
3169
5715
9144
7975
62
4113
9090
5263
2629
6700
548
2343
3969
7775
8994
8371
786
2623
7546
5249
1126
5742
9287
5503
9579
10034
3630
3542
9608
7048
6634
7957
1873
5297
8929
3935
1993
5986
600
1848
4388
6156
2091
8588
6553
2887
1164
7266
8473
4285
3138
1865
7877
699
4146
4293
1025
984
7107
7966
9628
6501
8439
3286
3370
4931
8880
5006
8290
602
6377
4600
2982
7081
7512
8389
7410
635
8431
7435
5648
7078
8335
8140
4747
8451
5221
2857
6522
1919
9694
9024
8675
2283
2654
2711
8691
6128
3573
9364
6822
3342
9869
8371
3080
3302
3302
1900
8371
5714
5553
1495
6572
9286
7768
3186
7432
9014
577
7335
4523
5113
1440
5914
5976
3755
7399
7438
5017
182
7565
5543
171
7335
947
346
8858
614
7382
4157
1387
9264
9200
7782
9240
956
3202
7970
8916
4074
6556
7638
886
333
5
6939
817
8740
2983
4453
4836
1316
4997
4587
3361
2220
2822
9156
2975
4468
315
5057
829
4234
3809
8635
9077
2036
40
2625
4159
7538
2414
5501
9625
9933
316
9335
2532
250
6340
8047
5530
9851
7611
7737
1343
7497
3518
6539
3096
2348
386
244
6888
3778
6316
679
340
4379
6590
829
2840
5746
3528
8865
1135
5517
3045
177
4846
2274
10042
3259
8237
7298
6123
1692
6673
2010
1637
120
5048
4284
3091
3454
4953
1028
4272
4831
4831
8386
3034
1143
4035
9763
8478
5403
1297
5662
6412
3868
8703
8820
4090
5960
93
6423
979
9094
2147
6278
384
579
1226
6275
8170
2757
1396
3496
6508
6152
1542
398
8396
9751
3215
778
5626
5691
7748
8984
5547
1030
300
8536
6192
8362
3623
4585
8975
161
4886
6841
8359
4203
8754
6891
2280
572
5535
2811
6033
5260
5542
5088
6451
1137
9633
2594
851
3194
3586
10132
7712
8371
4987
3690
7810
9852
2328
495
3
1599
105
4266
4866
7207
1212
1993
8525
1340
9202
1612
9273
4055
2058
5159
9604
851
9663
4883
9202
9438
7000
1323
6493
193
4645
4561
9605
8041
695
288
7213
8102
8729
2053
6909
8164
5976
763
9689
776
1145
2348
9268
8390
5777
6883
1111
101
9659
8461
5681
4159
5596
7525
7478
7308
3642
9603
3378
3635
161
6122
9673
3485
4959
1660
4796
3791
8340
1689
4906
3366
2793
6564
7241
7241
10077
875
9170
7942
4142
7877
7107
5582
6901
6934
1022
4667
9843
3915
65
4854
6006
192
6276
940
940
7404
1411
3224
7140
1340
8511
9796
3559
8669
2866
9157
5116
9686
10005
6027
1110
7802
5395
9460
817
8948
8218
8318
285
4450
1645
884
940
8828
7486
5475
88
8305
479
8732
4741
882
3036
6660
774
2396
7723
1277
3144
640
660
4478
9270
5859
9117
653
7615
1570
589
4393
9209
980
3768
6568
487
5097
8828
701
10138
2759
970
7742
2810
86
5632
143
3257
323
3510
409
7304
6214
7524
1655
4326
3619
3640
9587
8532
5723
4851
1952
9355
8587
7586
4175
8752
5694
2236
2986
392
745
1470
8371
1007
137
3161
6477
8071
5228
10025
5485
8036
792
7588
2830
10032
7093
784
6153
7000
741
6952
93
8978
8894
7227
9376
6770
38
7952
4601
1517
2197
7084
8198
8108
6627
6627
1166
3808
2768
2595
6751
6918
8597
3095
1404
5649
366
3171
7479
6712
1319
2008
1497
2593
521
5577
6032
170
475
1079
256
3282
6125
1698
5507
2171
8658
4876
7298
9343
1512
5264
6428
3218
2686
3556
8304
8924
3839
2261
2630
7170
1167
9202
5891
6687
1093
2152
40
8584
5302
6071
693
3161
3143
5484
6422
145
145
2332
9766
1462
8181
288
8142
7818
3678
1761
5911
8935
5239
1617
222
7865
8726
3673
5716
10147
470
9459
5141
451
2413
103
6715
2740
7000
2317
4322
942
7914
6996
9060
1258
8431
7437
10146
5202
1638
6293
1914
1538
4379
4926
3437
6332
7567
7272
4117
7203
5533
9018
6507
1028
9799
2252
5298
420
1993
1064
3298
4580
3187
646
6885
1437
9966
2925
1911
2743
7653
1248
7791
7607
9162
1515
5061
1796
288
2417
4687
9404
2083
9309
4012
5942
474
916
6520
8786
6576
5251
4519
646
5881
7602
851
7683
779
2143
289
452
1876
5973
6793
5637
346
6728
7578
3851
7876
7876
5890
5831
232
50
7869
645
7231
3518
6048
8579
7935
5716
3705
4699
3119
9537
7010
2346
93
9067
2979
8441
758
1008
5
7552
1235
7308
711
4494
6849
4798
5499
5986
8541
6689
4300
5860
421
8097
7595
4122
2583
8814
7761
10119
8309
8879
6075
6045
8437
6297
6297
3614
8482
6466
903
2362
6704
2035
4791
5386
3002
3196
7249
1501
3231
4146
7049
840
9099
3590
3570
194
3262
5118
4322
5152
1902
1751
867
867
2041
5003
2410
8313
626
2108
9293
1785
4403
1731
1731
3710
5487
2425
1937
8244
2560
2810
9891
5252
2580
1863
5430
3087
9703
3598
1753
5654
5654
4012
8960
2206
1813
756
3945
1532
9907
3431
818
9937
6467
2014
1169
1182
7702
7288
2373
7698
3886
5151
9977
7524
734
1922
1564
9980
2675
1753
6187
4189
620
2075
4595
1451
565
8882
4367
5039
6411
4076
959
3789
5183
4178
8910
3640
9362
8199
805
1969
8951
9877
1319
9609
8512
7136
404
2819
7556
8690
3161
1387
7298
7379
7656
1974
2302
5745
6575
2728
5165
8098
9269
9480
771
6719
6027
7249
951
1475
5655
1689
1951
1521
7984
288
7019
8312
6131
7838
1168
6939
5121
7877
3916
8598
1517
977
321
2915
4594
9701
5978
10028
3824
6111
1731
474
9828
4388
2831
1557
1618
5494
2080
3713
1501
252
5527
1033
8367
9763
4645
6227
6061
9763
8879
5797
1437
8425
7085
1312
1826
3
4588
9699
641
6181
2077
490
4524
3382
3382
10097
9333
1119
9996
606
8426
212
395
6318
1563
5280
6795
10089
6733
230
6767
1186
5565
6493
2983
5952
5848
5447
366
5067
5282
3429
3390
2679
10142
6253
8338
8324
646
7182
7182
7745
6757
419
2421
1879
7446
3930
401
1715
580
5667
3428
4421
4806
8076
626
3492
4864
7925
8099
9265
2806
6126
1988
6448
1993
7249
7401
9711
1028
5898
5852
9332
9553
7543
9402
962
4508
6303
7444
5476
7524
11
4623
2681
9994
2634
1006
5107
5077
2612
2
8575
2127
4464
7832
8653
7634
188
7756
1327
5021
5186
633
6373
211
883
8022
4212
5956
5
1106
3030
6017
8955
7868
2867
4018
6228
7398
2097
4054
4600
8416
2112
7988
9681
4532
2267
1834
7395
5480
7903
3404
7581
2273
5188
1306
8621
976
278
6929
402
9507
7501
8992
3077
2330
473
59
1574
3774
8604
8259
7162
7249
4896
1718
9336
5203
742
3420
2135
5597
6737
3619
6452
652
8884
9775
5268
6495
7493
8649
3295
10012
5818
4479
7433
360
1922
380
9575
7005
8170
8673
9506
8331
7932
8011
2354
4909
6205
6191
6881
2874
3751
3089
4883
1648
8509
2886
2198
8828
43
3842
5050
9737
4319
3486
8298
6769
8407
6965
1230
10022
5427
2130
2589
3914
8841
1218
3670
4429
7571
707
6828
5119
1413
1334
3481
3643
7749
4355
7465
9965
8148
3085
6408
5155
1090
7337
1922
4755
3601
4923
1437
6642
4005
9327
9734
3621
8812
64
5506
5690
6711
9974
1111
807
5213
7983
174
1955
154
6952
3131
646
5739
7442
6611
1993
1115
3816
2824
455
7576
7053
1064
4068
2983
3390
3
9472
5674
6312
6307
3897
8479
6404
4576
2723
270
4849
4401
9916
5337
9380
2965
8170
9439
1678
3897
4911
9163
4303
4498
5860
9294
439
8787
4224
5312
4354
72
8723
436
6095
2639
3787
4041
9228
2000
2742
8431
9421
2466
7714
3697
1301
2040
8724
4017
1405
7089
1328
2161
700
3411
6264
8083
4967
6814
6783
3326
546
4882
3961
4277
6178
4138
7816
99
2764
9418
9340
2983
2344
8783
8121
9663
7443
121
725
3091
9903
9903
6341
9582
6523
4752
3965
1808
9393
9391
7033
7226
5126
1793
2480
9857
2349
6818
6306
9737
6415
570
2565
4565
8138
6775
1704
5887
4003
5505
2468
7249
9420
7468
5711
2031
1427
2036
1411
689
1285
3768
453
3422
6795
2908
2059
10023
6191
8170
404
9570
9763
50
3719
538
1411
2983
9445
2210
3386
1964
3869
2358
3568
2983
6095
8057
3606
8505
8213
9837
9909
9910
7793
3859
10082
6568
1042
4610
727
4840
399
319
2479
6981
9381
4142
8170
4873
1729
1438
8295
6264
3594
4681
10010
2
3300
288
4388
1285
1501
8593
4509
1979
4552
5851
3342
2521
2868
4164
646
5099
7368
4167
3
3885
3391
6141
8655
9201
7658
7582
6691
8382
8458
4117
6823
5348
4079
5778
5122
7360
646
754
5681
693
7273
3635
5949
994
2088
6557
6814
8804
3140
8595
741
4439
8314
9225
2233
3213
5515
3413
4106
5488
7457
2664
5957
5788
9585
9495
7038
9401
7342
2494
1764
7653
6554
4235
6516
8515
3649
4059
5528
4169
5512
9932
1922
9953
1112
5004
8827
6213
620
6263
6512
4152
5049
5990
1307
1307
4674
642
1108
9385
8561
8650
9425
570
239
4736
5713
8251
3478
867
1852
5112
1562
9566
6631
994
158
9414
430
10121
3980
310
203
3340
1235
10118
3
7688
6761
9522
5923
3929
7547
905
6669
7610
1865
1983
9831
8794
9880
2678
4358
1979
9356
3452
264
8321
4233
7279
4049
4568
4888
7956
25
2983
2521
3328
3310
6714
570
9599
9738
6821
1536
6739
4044
8851
3583
3748
4884
4283
7848
6052
5704
5220
1652
3188
6052
3897
4159
890
7268
6503
626
4384
9536
8644
10166
1112
1729
8410
3581
7220
8483
7429
3999
8661
6031
9938
4418
8799
7183
885
4496
5859
8583
2273
2103
3261
6230
7233
5040
5291
6051
1705
3549
7062
7922
2830
4221
8045
3635
6113
3213
2914
9617
7875
8107
2418
7548
3831
5860
6710
7432
5137
6270
4025
806
8957
2900
7673
6535
4220
5689
488
8082
5621
9708
9669
6621
1632
8411
5079
9255
5932
7838
2653
1797
7177
4914
8205
6051
6347
4880
1016
8592
6658
7764
5431
5059
2585
9973
6235
323
9247
2965
8425
3844
9787
496
1866
4342
469
8716
8264
620
1069
3635
7274
7930
8893
3248
5885
3296
199
8051
6814
6883
5446
3723
740
9042
10014
9885
6140
2809
3173
5130
3035
3415
8722
4680
7384
10163
5968
8120
6092
3091
8085
2448
6413
38
6252
6474
2877
1022
7198
145
1573
2877
890
3050
111
6659
8263
8205
5703
284
1676
5768
8282
4037
3344
5773
547
5098
3157
3157
6562
1074
8434
9883
7247
1664
3546
9798
10162
4037
9651
5061
8234
8282
7923
4763
9069
3612
4031
2902
4739
2245
8758
4159
7037
7540
3117
3927
830
6441
5970
4465
2132
3151
9354
9639
646
9514
3160
1628
329
3526
8183
7696
5148
3228
1122
282
9293
5027
4431
69
2794
9333
1069
10095
4176
10087
9187
3292
6244
9230
7788
8949
506
7883
596
3210
6773
3143
5102
7624
7015
1061
9143
4090
5526
40
9495
3222
944
9534
10125
1295
4339
212
9666
121
6702
1992
1226
9464
3868
5460
7112
3471
8806
93
8255
3453
6654
652
3768
156
4183
5470
6191
5207
9040
6339
4024
6996
2300
1861
2197
2120
2278
4437
9366
7287
5200
584
431
9275
1074
4567
5481
646
1111
9064
3084
7036
9589
7090
8498
8331
1178
5556
4036
8583
5624
3619
8904
3632
1450
339
7668
9152
1039
3406
670
2565
8901
9274
2033
4144
1894
7050
3814
4764
9955
4874
5512
488
5551
5699
7734
4818
4901
7047
5548
6793
1538
2489
3560
9987
4009
679
1492
6756
9331
8385
1542
6260
2381
1297
1117
3342
6354
4388
6757
5633
1450
4053
5329
7984
8566
8475
8861
5561
1826
1826
646
2182
8794
9573
824
9954
8737
5963
10060
7222
9698
5254
5609
7526
7526
3394
6142
9121
10086
7060
5413
1125
1042
6550
4723
6345
4090
5315
1389
2227
4722
9319
1135
8990
882
2327
3818
7447
623
4257
406
1115
5678
7286
360
3302
8412
5067
8170
5281
838
5478
4643
5959
8003
6109
6241
8640
1767
284
7028
3971
467
6513
550
93
3687
8431
7000
4041
756
2255
167
8431
573
3599
3
2796
979
8005
2434
5358
1336
4838
8845
3438
7718
814
5292
8782
1196
9889
9027
1235
5305
3458
1501
8593
2061
6252
1845
8527
7480
3023
5868
170
8603
4878
5536
782
851
3607
2370
4152
5745
1134
3108
9001
9576
4210
6976
9086
9701
320
5706
6759
2443
330
680
6358
1109
4600
3848
5731
1632
10005
2943
3247
5155
7991
6534
1182
6079
2140
8034
3931
193
5397
7592
1517
6410
321
7817
5025
719
7088
1903
1515
3977
7569
7557
4239
728
5971
3417
1497
1378
4402
4090
3065
4211
9155
6573
7940
2219
6119
5879
8324
1796
2722
5796
5172
4395
9064
3773
5244
4457
9701
7908
6748
6169
8111
6561
4883
4883
9071
4911
3128
1815
8912
2161
1428
1811
5161
1082
7700
9322
5912
1247
4218
2950
8742
2881
646
9462
5622
467
1484
8057
9687
1437
3864
3864
2909
3172
8844
8844
7275
3083
5920
7916
3105
377
6356
6889
9247
10093
1333
3737
8826
9989
5838
6883
8888
404
185
6529
2215
9326
7000
9315
4369
8076
701
6773
9060
8885
3086
1200
9283
87
5326
7298
3544
2461
464
2956
2756
7812
272
1260
646
600
8440
5372
6298
7550
7321
2983
2362
3956
5854
7705
2977
8613
1192
4810
2542
5616
7225
6343
3927
7103
4117
9426
4090
1267
4545
318
7833
368
5608
6994
7120
6057
3772
2771
467
2166
6988
1076
7648
1709
1578
3469
7760
3530
608
1516
2264
1432
5076
261
7249
5264
1062
1062
2124
1993
3511
1598
2061
5240
4450
1860
848
8597
189
7969
6444
4880
2805
7618
8077
7714
5462
5034
3072
8797
9248
1276
4649
6295
467
8663
1170
6062
1493
4600
7065
4245
2995
602
4207
8595
3293
677
8425
3403
8762
2255
1340
9123
3931
4247
8341
3822
6215
9957
867
3369
6998
9701
7412
7735
9826
6079
3310
7680
5191
5762
8733
1309
5750
6461
4323
627
6784
6784
7094
5901
9770
9701
2649
2649
6391
945
5160
5406
4159
6933
8891
9852
2148
8289
641
9966
1481
8031
7438
9902
9266
7000
905
7617
5822
890
7535
631
6601
1621
397
5124
8123
254
3927
3442
40
1
4825
5075
8495
9002
5020
1378
7650
1538
6990
9258
6773
2222
4554
1542
6919
3479
694
7695
7695
4653
2643
1196
8608
7389
9313
4378
7581
2039
7452
6574
2232
5277
7585
5426
2214
5955
5955
9060
497
7302
1708
9824
951
769
763
5183
6331
2449
8091
8383
594
8956
5717
2423
1368
1039
50
9058
975
1537
8533
1969
2476
404
9949
2327
8823
3283
1919
5633
5069
7550
4406
1952
7720
7723
397
3559
3942
7264
3201
5869
9781
5878
7238
6732
1346
1427
8488
5018
14
1209
4923
4556
9577
639
7390
5765
2288
7325
9714
3297
1124
1269
8666
5204
4879
9736
691
10065
2902
149
6397
808
8053
282
4973
9577
5497
1206
2621
4363
245
245
8828
5037
8749
9418
3681
7444
3119
1259
4796
5159
2102
756
521
3982
4458
8854
3725
2946
4343
1695
5716
2964
4159
9532
1762
9685
1010
8770
4500
5918
8256
8721
8370
3874
980
5311
8682
1793
379
9815
7059
6936
6936
638
6201
652
6121
9060
195
6344
848
502
570
7245
620
5840
905
4374
679
679
7979
600
1192
7297
9404
2754
8919
5789
4374
7566
8450
6997
4576
3998
3353
8187
3420
5906
3592
9340
534
6315
6961
8043
5109
7182
3434
5529
8623
9435
8714
9359
1792
7029
40
4010
4010
8075
9650
6089
2480
4488
1717
7951
245
1526
1526
8210
3047
595
5822
4122
5969
9590
755
5103
3884
3884
8795
122
5688
10029
5739
4274
1661
4450
5182
10137
825
4789
3274
8360
66
1630
4386
4408
9060
467
9973
7249
6973
6963
7847
6936
3763
3402
1289
5799
587
7362
6580
4761
6954
3221
2402
2682
1275
4661
370
5729
9033
1550
3117
3117
1387
9374
5772
8018
954
6602
2021
3242
6048
8931
3383
4236
2826
354
9393
5457
8171
3353
5687
2150
1092
4974
4093
9330
7613
3353
6820
7464
8223
2763
9359
9007
7044
7561
198
2756
8697
2203
6688
6134
7100
4451
4796
8417
1028
9651
5982
2947
8591
7499
9597
3076
1069
5469
1930
8744
4742
3968
5483
460
7946
8165
2109
8574
3298
6402
1340
808
308
3175
7680
4981
4981
3
2440
8811
8936
904
7552
2828
7759
701
3215
7159
8170
2472
5424
6294
7995
2249
1154
2639
9013
4292
7774
5666
326
7746
9789
8431
1558
6135
7157
1216
1195
4807
1854
6436
10173
5011
2296
641
4740
2327
7249
6772
9697
783
4782
9725
9993
2837
2512
9060
5866
1793
40
2408
6558
4888
4390
8213
404
2810
1202
9355
671
8663
5545
6752
1067
2394
5349
6052
2868
4986
7297
6824
4425
9070
652
1543
9125
5256
3672
9446
8431
10057
2002
7107
4869
6999
5115
7495
1189
3009
9169
316
1540
3545
1941
2872
9727
6777
6254
2931
9895
2264
9701
8607
3046
7368
8097
7646
8584
9999
2201
7598
3320
421
5801
5405
4024
5931
6052
5056
5385
7466
6468
5017
1069
40
139
7191
810
9645
288
8670
4845
64
9967
9135
631
5024
3662
5425
6180
7340
9806
5471
8590
5499
8943
456
2211
9803
2362
4
1970
9436
999
578
4748
716
1351
1515
671
6052
2765
4860
8874
690
1562
3248
6856
5613
5512
840
3517
4522
1001
93
9971
8849
3800
8170
9522
9063
223
5238
247
8828
6869
613
7094
93
6915
6670
6471
1437
2907
6459
550
626
999
581
5082
8431
3794
9071
1109
3389
4208
9775
66
3410
1356
1993
8326
6147
6814
2440
402
1576
8132
4717
1076
7249
340
1069
8600
1947
6300
4295
136
153
6426
18
9517
4985
2101
6037
9704
1501
4599
1425
8582
7063
525
10051
3033
6976
7481
641
3508
4688
2080
4974
5739
3474
4259
9124
9416
5911
5955
8738
646
9424
8775
8497
9122
1145
40
8838
6812
9079
6653
5736
536
9531
9404
1547
316
9990
7686
7521
2090
4995
3694
6947
218
8642
8472
7114
3302
534
2897
2897
2290
8042
7852
8605
5149
4344
6946
8009
4088
3661
9405
8167
8200
3603
1330
2204
5984
9134
5270
8470
850
3777
2930
3502
7440
5953
7196
9246
5752
4507
103
9643
9559
3434
7193
1835
4598
1178
4184
4322
6988
4924
5092
4539
9166
1921
6526
5586
1930
5079
5293
7733
6873
3052
6960
3889
448
6870
8672
8253
5452
9292
9677
7386
4041
1497
2495
9143
7493
6194
6834
4349
4778
6052
6600
703
546
9317
2631
867
3890
6848
7583
9316
8217
8217
9849
6219
7472
5311
5311
4424
7235
7235
309
7249
5508
9412
1396
1396
1844
4163
4163
4375
40
5443
9241
1157
93
4430
979
9741
7677
321
3819
1156
8553
10063
5425
674
1166
3897
8771
6636
6571
1865
475
3128
8828
2206
6722
9733
40
8608
8840
3688
4167
5791
5791
9206
1343
5733
9737
5217
9297
445
7350
9232
7532
3746
2570
833
7453
10167
8887
6065
5229
7652
8465
2273
199
4958
8889
3
8634
490
5813
5620
890
8068
980
288
1926
5229
9951
2486
7051
1401
3296
3296
4335
9557
8408
3378
221
10044
1993
3373
3951
2286
7812
6613
6523
1792
9794
3249
8544
6394
1246
9601
2196
2536
5498
3586
7886
8549
4271
3688
8620
2966
6261
5555
1785
958
853
6245
2785
40
9398
4985
429
3013
6401
9114
9323
951
9252
9252
5761
4374
994
5149
7326
8431
6893
6052
1739
9403
3382
2749
2244
3187
1135
9427
3514
5251
3068
1124
8113
10035
2937
992
7174
5550
8431
4658
9405
6809
1262
6052
492
3843
5747
7524
283
9872
8203
1631
329
3161
3179
5282
784
9654
9034
4145
530
8072
8790
2544
398
10122
2051
7767
7068
4796
4273
7823
7423
1088
5285
3881
4796
9792
10055
2397
997
5508
4844
1293
7821
8337
2684
649
4545
1074
9180
5086
2261
2899
533
999
8860
4985
3161
4989
9493
576
3768
2071
2372
2810
1749
9308
284
6118
305
7146
7000
935
9242
6607
3931
3948
8506
4904
5605
864
8720
8828
5336
7409
6589
8283
82
5177
6269
5939
4769
1216
763
3863
93
7714
7931
7553
188
843
8728
8170
5406
4106
9419
4177
2518
9635
8828
741
2394
3635
7869
7081
6416
6380
5167
10093
8304
2660
390
6347
1515
9978
8066
915
9390
7143
40
1993
693
8665
1544
1525
1931
592
1028
3420
8431
5229
6806
9016
5709
9397
6559
9853
342
6
7524
7095
261
1993
379
6224
7292
3624
6777
6140
8604
8604
7224
6043
1182
8280
27
7669
4272
1727
8331
6622
8170
5585
4388
7965
8106
6301
111
4789
7168
2364
8379
9473
8612
158
6437
5886
6736
4419
2749
7719
1343
3442
8564
7310
6930
718
328
6697
3234
729
7846
2456
3275
6568
1689
7623
7857
7366
1026
1944
3382
9099
9099
1904
6076
2698
4132
5991
721
4555
1793
320
8797
9983
9519
2719
4562
6158
2291
9463
2867
972
9955
8095
647
6983
4137
7539
5332
9261
5652
1411
6808
9470
9442
8024
5479
8017
8138
8375
5231
4599
3755
9166
956
5821
7535
3365
3365
5934
7938
7134
3659
9060
7708
8004
8116
3078
9664
8521
3635
721
6883
6563
3431
8401
1993
2306
9983
882
3926
1515
950
9399
161
7195
7224
1907
9749
3119
1529
4320
1545
7040
9586
6392
6870
1096
8903
9052
622
6662
297
8200
7524
277
9844
8019
8718
8030
7000
4983
8681
5782
3434
2363
579
6773
31
6237
2847
4790
9506
9306
1515
779
9358
2764
8591
8159
7680
8660
3763
4087
1754
989
6481
7314
5620
9518
9203
8454
2244
3091
4459
6596
2161
1310
1028
1028
490
9083
9259
708
8990
7898
6445
5948
8559
6861
9038
49
9808
622
7255
9683
963
93
661
661
9620
1017
3234
5229
5099
5099
9128
4288
8048
5540
40
6937
4059
1075
1148
1196
430
9279
9677
641
882
10080
1733
8155
6361
5291
1795
803
5852
7444
6201
4374
6651
8614
4012
4689
1090
4528
4599
4759
4759
652
8688
6734
3119
484
521
9538
5619
6054
1632
8843
9977
5682
9056
6657
3780
9640
9591
8935
5650
10152
7510
8425
7841
9836
779
817
1582
6612
1433
10053
7534
1820
467
2239
2706
3612
161
475
5551
3173
8129
188
6276
646
4239
8499
221
8428
9933
7647
8661
7623
3210
9489
1893
394
7341
2518
2518
3718
4622
7544
6199
9429
686
2605
1861
8366
2251
6944
2043
1589
7734
9118
1064
999
1905
4814
4201
5301
8366
7438
2463
987
924
851
93
3688
8472
2958
7562
641
960
2287
1546
430
2617
3219
5333
1328
6386
2297
1756
5433
1078
9404
5185
7227
9479
817
920
8464
9300
6313
4046
5396
4924
7094
170
1145
5223
3897
4974
7377
8828
7731
3937
9922
6846
2870
641
10129
3348
8819
4837
7918
7515
4991
4790
6018
9634
8221
2273
7363
6658
8459
7067
6754
121
9061
6850
8854
8674
7461
7461
9838
9066
2494
9303
10094
2214
7450
3646
1028
6902
7605
6012
1073
6276
7621
5540
35
3836
8951
5591
5209
10011
9467
10009
587
2411
1227
1227
4145
642
572
5702
8014
6233
4862
5361
10003
5065
9404
8208
1288
8436
824
5024
1515
7558
484
8433
7840
1076
9404
1501
8690
3
1887
3635
3635
701
3378
1676
8079
5721
454
3021
5694
9791
8899
7378
7993
801
7682
6388
4420
521
4059
5129
3626
2299
3792
8684
3161
2209
4302
6251
9822
7490
6016
9670
7476
992
2047
9520
9254
5474
5175
10078
629
956
9302
6726
6393
7377
7301
1076
1307
582
4072
5254
5716
2261
8217
9300
3656
9901
3204
3606
5214
596
5431
6982
193
198
9177
1478
7000
1973
5095
50
6719
2877
1562
5615
9068
8537
8062
8279
6193
1438
8702
7487
7746
4880
5974
6628
320
1226
8927
6076
7276
5339
7227
6063
6340
2918
3128
9185
5106
288
6
5856
2030
8759
207
5015
1819
8844
646
1632
10134
642
8374
6609
8967
9977
2746
8425
9580
9580
7757
9871
9226
9195
6989
8209
5749
10049
871
989
6367
7850
8321
5646
8990
1319
9509
9172
9064
3119
8154
3189
2518
7864
8908
8797
1049
1588
525
1109
6724
9956
8054
10027
6427
6908
1082
82
2249
497
8425
7619
8624
4024
4570
10176
7397
8796
756
691
3694
3694
6894
8550
1684
959
7573
9981
4805
6277
1299
5110
1776
8864
2858
2935
10154
4638
3
2306
620
9267
6844
8435
652
5139
7092
3865
10101
1319
7874
9017
8431
7306
7671
6112
5909
8560
4690
10019
699
9701
50
7689
7709
7081
7635
5441
1196
6212
6847
8327
1050
66
3075
8763
9484
8636
951
5343
6795
5527
1887
8388
9686
1328
8828
6722
9114
9692
1387
646
4832
2394
1703
9325
7000
5229
558
5203
6316
5049
1217
4603
4682
9721
400
5913
5870
9914
8687
631
2663
5877
779
2062
9779
8827
9404
3768
2133
3868
1478
7731
5929
6491
7209
8262
1904
9946
5769
9339
2619
4800
911
9547
2450
1825
3342
8998
9284
2602
2602
1515
646
7811
4499
4024
7664
2468
8912
9599
2795
7684
1145
7172
786
5633
1689
646
3111
5086
1288
6988
3161
467
8828
918
400
9343
8012
6457
3897
8226
6046
8567
6003
4201
9518
5568
4862
1105
1501
8260
10149
6979
9790
8243
1471
35
9915
5017
5489
7977
5739
1553
8633
9776
4743
8971
2677
5810
430
3436
581
3234
7249
1893
393
50
930
6382
7750
9097
1676
9337
8824
9504
6885
7456
7393
7281
1629
1216
8065
8828
1796
9418
6906
9405
7653
7976
6746
7654
4374
4228
1426
2732
1527
2209
6588
9784
8283
8766
8542
1247
1826
283
2148
3768
3052
2126
2801
5252
8630
6686
3768
1557
304
145
6347
6939
596
5166
5708
3128
1172
9221
2927
5144
3982
2214
1785
7167
2264
4252
3465
1401
5807
2180
8052
3931
6378
2794
525
3635
2868
3635
4046
7632
2126
5432
10048
9539
3434
7524
4923
7269
8993
753
9060
9006
2606
2606
8659
6606
475
8910
1993
6984
3763
7322
6882
8672
9924
6964
8442
9142
5187
6336
1450
2809
7803
4439
6976
8024
1708
646
2847
8150
8801
2933
442
956
2345
4012
8046
8170
1189
64
50
1861
1861
6902
7889
2877
398
7796
8707
4090
6524
8805
9101
8798
4388
3382
3213
3296
3635
4868
7394
7844
9892
4887
9353
7309
4145
580
9096
5505
264
7660
5955
1110
1235
2027
8828
5068
8982
2924
9594
1605
6600
8037
8954
6190
6544
8304
4786
8200
9680
5536
890
1612
6523
4642
8310
2067
3758
2663
882
112
9147
7411
9759
620
9950
7758
8907
8038
542
7135
7204
2423
8145
784
6850
5288
5717
7224
316
9846
4058
7304
93
3119
6635
1330
1330
4893
7249
4993
6458
8502
6464
3048
9329
8990
5633
521
1529
5017
143
2209
1792
5247
8867
3926
1244
9543
7379
6997
9518
8431
10124
8431
7890
8806
8331
5182
149
3635
8828
2578
1844
6764
8981
7553
4196
2120
3
359
1907
6720
1288
5204
5633
7430
3234
6276
8793
9136
4262
572
2794
4363
7734
5841
380
1145
2450
7879
2450
10068
143
1106
7187
9591
4770
5594
2403
8477
145
4769
385
3668
9371
4201
8096
1661
9406
7915
7114
1217
878
7298
8414
5168
8364
2446
50
7906
9323
6830
1581
2297
4814
7438
9036
6296
536
521
9199
6748
3868
9814
7381
3635
2344
8180
9373
143
9651
9740
7487
6777
8602
641
992
8356
10164
2047
3009
8297
5254
4674
2214
7298
7998
1765
580
2824
8141
1076
9405
9507
9599
8443
7461
8756
1501
7322
3389
2619
10046
1666
2947
467
9053
701
7994
8903
6624
149
5969
6191
7432
2402
3431
9780
7192
9300
6440
9864
2321
9949
835
8829
8725
9148
3373
7643
6992
7257
3241
7270
7270
6012
2161
4203
1501
5016
7518
10073
2561
5600
5929
6643
4995
9215
6960
6856
747
2245
6592
2133
198
1907
1438
581
3
5354
3624
2133
1069
11
8531
7088
8284
8740
2794
6028
646
6549
4604
7759
7192
4046
7132
2602
7186
9289
7626
404
300
1378
7475
7689
322
6782
145
3942
2494
8898
7469
9060
7987
5378
694
1501
7351
7719
6010
5964
2746
297
7584
9980
4138
1343
614
5739
5435
161
5231
1708
3874
9564
7521
3726
7393
7805
3453
277
8163
10043
10130
3735
9126
9630
2560
7225
7957
2606
2920
7248
8681
1069
9922
5810
81
9507
9095
6975
1815
9060
6752
6876
3117
2941
2941
10093
7950
8828
9184
9647
9299
321
9447
354
7532
5305
5483
5049
580
1501
4507
1022
3635
3998
5805
7557
8304
9495
519
1319
2582
7365
8026
1501
7062
2960
5121
1853
7137
8925
7357
6955
8264
8031
5657
5972
1465
4167
10115
8701
161
8548
9060
646
10001
1971
9948
3052
641
7290
9926
510
1026
5499
1145
2920
2649
368
1515
4180
686
9962
9728
2826
6658
1517
7950
3434
3652
188
882
5267
9204
8425
6636
1338
3897
8549
1587
6753
5860
467
9474
9802
4106
1917
7735
3224
581
7842
9130
3194
7870
8935
1320
2867
7865
3488
9495
93
1632
6733
7690
340
2754
2040
45
10079
1028
3635
4488
8672
3574
10113
7096
8886
3768
2244
8501
1183
2362
1299
2841
484
3282
1661
7054
11
7877
2402
9653
9109
3520
3378
9276
4388
3188
9054
9856
5
1069
321
4814
8805
999
9593
1952
7888
8308
1148
8084
9206
9023
7968
6968
3420
7013
8006
7335
2006
3874
581
2166
1137
1478
2970
3759
1076
10055
7572
7637
5866
521
6879
1555
5224
2450
93
2355
7492
497
8828
8431
977
5385
9088
9701
3607
9208
5204
525
3646
1069
1501
1148
8392
1827
7292
7614
5224
9589
429
962
5155
7865
1041
1041
3931
7671
1426
2197
7492
6316
6827
5452
7297
9280
4304
1455
1666
677
9840
6709
9577
677
6343
820
8093
987
572
2036
7543
7106
4759
7671
9981
8535
8993
7543
3931
6803
7322
8615
1343
5984
1555
6975
2900
1465
50
7553
7953
3353
145
2402
9305
5017
1039
5763
1555
8437
646
833
9658
9722
8593
908
474
1022
8346
8127
1091
5929
1753
297
7413
2153
6396
5755
7004
9078
1907
9686
9837
641
8392
646
6494
7583
4336
2610
8251
8593
6630
7014
1146
9793
4487
7224
2565
9992
987
400
8549
4379
216
3378
9860
8651
8320
7734
9405
9869
5569
2895
8599
3302
7329
9385
6190
3296
814
7986
9709
5333
6769
1148
1041
9413
9086
9054
9035
980
999
5017
9323
9526
1481
8398
5995
8183
699
3420
840
9942
3887
3559
4388
1827
2047
1676
8656
5796
9785
8306
9737
241
5819
6276
10081
1889
2653
5905
7696
8780
490
8944
641
1148
5867
1993
2782
9615
3353
9196
8430
7824
8075
6497
6497
7847
1317
6019
6161
6161
1247
1581
9774
10145
143
7596
1931
1931
2707
8641
751
5502
5452
2440
198
3884
6856
8009
3646
9778
7471
8264
3179
6679
699
9349
7536
9400
8679
7487
8869
3761
1515
8346
1091
3952
5612
9190
4826
9090
6234
4388
9060
7870
9647
9724
1031
10091
221
188
5768
8859
4437
3931
89
6659
9089
9284
7699
2646
12
9750
5121
1106
5159
5061
8014
8133
2355
2006
379
2151
9795
10
950
6090
1183
5705
4796
7076
1427
6413
784
6653
6435
6435
6095
6884
6884
686
5002
677
4328
9988
8547
10143
642
8989
6913
580
9811
5721
322
1581
5432
188
3619
1793
987
8828
690
9945
9333
5388
853
7554
2075
4785
1426
362
8735
6355
1993
8194
7978
10156
3173
9730
9949
882
329
602
7859
5552
1964
592
631
7249
8044
2916
3353
6839
5203
6316
4694
7419
2560
404
635
2475
7593
929
2027
9292
6271
3425
1049
2262
5706
8866
4911
8940
4269
4599
5555
9523
3241
9048
8345
3389
1189
647
2166
7680
5432
8637
2363
2468
4439
7255
8014
145
93
511
9060
5252
16
8174
5964
2895
9150
8589
9088
8057
9282
3559
256
9008
8304
3052
216
5941
133
3179
8831
8828
9377
8593
3
7707
8713
7524
10148
10083
36
3931
999
2197
962
8199
1166
8064
8127
9705
163
6624
4379
8896
3931
4374
10031
2484
10036
329
10047
8374
8361
8794
8013
9649
9967
3942
1844
9772
9116
3814
2754
1917
316
9966
2345
2291
8529
2076
525
6614
10004
10008
7054
8509
6785
8301
1765
1019
581
7228
1515
9394
5415
329
5378
9337
6940
3665
2746
7150
9087
7750
10113
5293
199
9535
1952
5426
9941
7183
951
3075
3442
546
6805
7853
8365
3635
9360
8227
8227
5805
8908
7225
652
5024
3868
10008
1544
6579
8306
5502
6852
3927
915
9359
277
9991
7669
581
3931
3
5024
1870
7771
9256
1492
6271
1310
7657
6456
7669
4913
1669
2021
9848
8251
2182
5254
9606
8855
7675
7082
9160
5706
4981
9520
8968
9627
5866
235
252
6497
882
1310
6175
9783
729
9279
9614
3751
5182
3032
3874
1907
6140
321
1501
7183
1392
1026
1069
9995
9859
5719
304
10159
9700
2261
833
3931
2206
7719
4930
8491
2291
699
7297
7870
6227
623
2565
10023
581
3323
6997
27
3124
641
7535
10030
2764
7907
521
6095
2254
8185
7249
4697
6851
851
10071
7601
9560
3282
7436
10081
8816
6546
10039
260
6856
1156
9845
1426
9315
8346
442
3453
6227
6363
7371
50
7039
7039
2494
1666
5719
4388
9834
9095
9614
6966
6870
8642
2214
9499
8183
11
2291
5378
9428
5050
7696
3863
3
3868
8056
6309
10037
8009
8408
7453
8363
50
4024
9229
300
676
800
133
9647
951
4862
9148
4604
9970
7891
10015
9490
577
7589
3442
2321
8770
3300
9142
8585
5334
3477
8186
6059
979
321
9788
8172
1952
755
7124
624
2663
9510
2909
6124
1589
8958
10091
9333
8325
7255
9178
2764
9004
3179
6976
10021
88
10171
8438
8172
5938
878
9365
82
8373
9607
8629
9678
5166
9507
608
9253
8713
9502
5017
5058
111
5844
1907
9410
6653
9528
9520
6309
1026
647
316
3323
2348
8110
2824
8686
6363
85
6895
10155
5736
755
1152
6748
8311
484
9944
5931
9823
9372
20
9599
8718
6726
6795
2321
9631
3302
9386
2201
9142
9298
8064
5149
8876
1041
1666
1492
8819
7859
1189
9171
5846
5
7781
2027
6224
132
7900
9762
9588
5536
9454
8985
8054
9701
487
5721
5121
6562
9935
7225
521
6741
10006
6726
8848
5385
2900
878
8110
2214
7192
7458
9827
3665
8639
497
487
8727
33
9980
6805
3442
10172
45
8649
2909
9333
6148
915
5706
9054
8021
8208
6920
5536
2348
1462
487
6456
3834
312
1148
5106
9263
1215
45
8601
987
3775
9197
7390
9212
9029
9598
8195
3342
9697
9702
235
5536
81
9568
9009
3681
211
8208
7225
430
9913
3348
9769
7427
9207
354
581
3694
9037
8639
1152
9724
686
6161
7321
8116
9477
36
823
6741
6741
9060
9344
9552
3435
2264
10171
12
9977
9748
8468
5079
2071
3574
1427
7707
9927
9692
3665
7553
2602
3
1148
9003
5187
8985
9701
6805
8828
1581
1544
9720
800
4420
9832
4599
1378
9908
7515
987
9599
9009
9963
3834
10096
16
9567
8503
624
9245
9806
235
9847
5721
9513
260
9929
8815
10123
9671
3119
7581
7049
7746
6544
245
3926
3574
8642
6421
497
3179
9549
9773
4414
4499
260
9893
5706
467
3868
8642
9530
581
8884
2348
9119
61
2040
646
329
8908
8872
3431
2050
45
7898
10061
260
89
1427
5102
9370
9855
7553
6388
1378
10160
652
9985
7225
5995
9782
7281
1676
9525
7487
9357
5097
7249
9767
9512
3282
7374
6624
676
5822
5251
1378
10098
9691
5782
54
9238
9153
3863
50
329
8372
9830
676
6920
3884
2345
2935
8642
581
10045
9334
1544
2617
1792
962
5706
85
1310
8428
9894
686
2617
3477
1907
9482
9693
8251
4529
6628
9284
2935
7515
8283
11
2935
8639
7870
9810
9626
8408
9138
10098
8648
8988
9862
5204
9437
6052
8718
3465
2214
5614
5614
33
5614
6584
676
2902
581
321
2071
1907
9970
442
484
3646
5479
10144
9383
424
9718
1091
50
9729
3574
132
3442
9809
10033
538
9281
9480
329
10007
235
3342
61
9793
9894
6614
2321
9752
3323
61
10170
8921
9970
9613
5079
16
8177
9686
6659
4
536
6920
8116
9508
1666
9175
3574
54
7913
4499
6913
7515
3834
1795
9984
7192
9684
7987
8642
11
9746
8195
5964
9813
9729
1156
5828
9879
6
9437
7492
132
10139
1427
6635
9619
9026
8940
4
608
260
2403
9333
525
608
6207
6207
1907
9383
1026
581
9142
1917
351
9598
8985
646
525
7225
676
9816
329
7870
1917
608
1148
608
1907
9466
9985
1148
10175
10139
3646
9795
10110
1917
878
7225
321
9619
1501
10036
